2010  1  4 -3.915147e-01 1.702767e+00 -3.622457e-01 -8.552124e-01
2010  1 12 -3.497367e-01 2.041108e+00 1.998724e-02 -7.410034e-01
2010  1 20 8.436940e-01 2.389395e+00 4.512594e-01 -6.257534e-01
2010  1 28 7.490951e-01 2.720725e+00 9.118662e-01 -5.094039e-01
2010  2 12 2.008107e+00 3.211441e+00 1.752586e+00 -2.884452e-01
2010  2 28 1.902844e+00 3.544369e+00 2.518828e+00 -4.881156e-02
2010  3  4 2.896585e+00 3.621065e+00 2.695234e+00 1.171039e-02
2010  3 12 3.486354e+00 3.804117e+00 3.053892e+00 1.334647e-01
2010  3 20 3.902488e+00 4.057968e+00 3.447616e+00 2.561383e-01
2010  4  4 3.817144e+00 4.768267e+00 4.344365e+00 4.884993e-01
2010  4 12 5.207985e+00 5.224133e+00 4.879295e+00 6.136008e-01
2010  4 20 5.315165e+00 5.652680e+00 5.378788e+00 7.394615e-01
2010  4 28 5.319471e+00 5.970039e+00 5.749591e+00 8.660327e-01
2010  5  4 6.700693e+00 6.085907e+00 5.882538e+00 9.613963e-01
2010  5 12 4.598578e+00 6.027075e+00 5.799175e+00 1.089085e+00
2010  5 20 6.191725e+00 5.696123e+00 5.379158e+00 1.217335e+00
2010  5 28 4.689748e+00 5.100525e+00 4.638202e+00 1.346088e+00
2010  6  4 3.861062e+00 4.397957e+00 3.787778e+00 1.459113e+00
2010  6 12 3.068658e+00 3.453681e+00 2.696704e+00 1.588645e+00
2010  6 20 2.370393e+00 2.441123e+00 1.612159e+00 1.718502e+00
2010  7  4 -1.669693e+00 7.401386e-01 5.592646e-02 1.946335e+00
2010  7 12 -7.831246e-01 -1.009484e-01 -5.670141e-01 2.076745e+00
2010  7 20 -1.167744e+00 -8.215946e-01 -1.034581e+00 2.207229e+00
2010  7 28 -9.944899e-02 -1.427921e+00 -1.419098e+00 2.337721e+00
2010  8 12 -1.370721e+00 -2.306315e+00 -2.111136e+00 2.582174e+00
2010  8 20 -4.559944e+00 -2.644942e+00 -2.465222e+00 2.712307e+00
2010  8 28 -1.920923e+00 -2.871874e+00 -2.730639e+00 2.842185e+00
2010  9  4 -2.772038e+00 -2.950436e+00 -2.818774e+00 2.955568e+00
2010  9 12 -3.825562e+00 -2.865119e+00 -2.686011e+00 3.084791e+00
2010  9 20 -1.714464e+00 -2.559312e+00 -2.273077e+00 3.213573e+00
2010  9 28 -1.529838e+00 -2.018070e+00 -1.603124e+00 3.341853e+00
2010 10  4 -1.931310e+00 -1.465623e+00 -9.740167e-01 3.437697e+00
2010 10 20 2.728461e+00 4.457558e-01 9.103990e-01 3.691553e+00
2010 10 28 1.726629e+00 1.493738e+00 1.814092e+00 3.817435e+00
2010 11  4 2.661990e+00 2.370716e+00 2.536684e+00 3.926957e+00
2010 11 12 1.565498e+00 3.264761e+00 3.279486e+00 4.051367e+00
2010 11 20 3.740816e+00 4.003786e+00 3.943476e+00 4.174927e+00
2010 12  4 5.196804e+00 4.919028e+00 4.949329e+00 4.388986e+00
2010 12 12 5.327886e+00 5.281638e+00 5.442389e+00 4.510004e+00
2010 12 20 6.308577e+00 5.589461e+00 5.878232e+00 4.630035e+00
2010 12 28 7.283288e+00 5.888158e+00 6.266109e+00 4.749051e+00
2011  1  4 6.994778e+00 6.164507e+00 6.580455e+00 4.852339e+00
2011  1 12 5.684939e+00 6.502847e+00 6.929940e+00 4.969390e+00
2011  1 20 7.902831e+00 6.851134e+00 7.281200e+00 5.085369e+00
2011  1 28 6.741918e+00 7.182464e+00 7.629830e+00 5.200263e+00
2011  2  4 7.088287e+00 7.436975e+00 7.914784e+00 5.299897e+00
2011  2 20 9.232724e+00 7.854665e+00 8.385126e+00 5.524472e+00
2011  2 28 1.050483e+01 8.006108e+00 8.506719e+00 5.635113e+00
2011  3  4 8.510324e+00 8.082804e+00 8.550481e+00 5.690024e+00
2011  3 12 8.629072e+00 8.265856e+00 8.642780e+00 5.799031e+00
2011  3 20 9.848850e+00 8.519707e+00 8.804155e+00 5.906963e+00
2011  3 28 4.593990e+00 8.863454e+00 9.097234e+00 6.013836e+00
2011  4  4 1.150453e+01 9.230006e+00 9.479154e+00 6.106495e+00
2011  4 12 9.788721e+00 9.685872e+00 1.002511e+01 6.211433e+00
2011  4 20 1.178054e+01 1.011442e+01 1.059508e+01 6.315373e+00
2011  4 28 1.147948e+01 1.043178e+01 1.105459e+01 6.418342e+00
2011  5  4 1.019788e+01 1.054765e+01 1.124418e+01 6.494949e+00
2011  5 12 1.152214e+01 1.048881e+01 1.120826e+01 6.596293e+00
2011  5 20 1.115425e+01 1.015786e+01 1.080901e+01 6.696754e+00
2011  6  4 8.884772e+00 8.859696e+00 9.270528e+00 6.882866e+00
2011  6 12 8.887756e+00 7.915420e+00 8.258225e+00 6.980996e+00
2011  6 20 6.905676e+00 6.902862e+00 7.291168e+00 7.078393e+00
2011  6 28 6.508509e+00 5.903723e+00 6.463619e+00 7.175098e+00
2011  7  4 5.602977e+00 5.201878e+00 5.953901e+00 7.247199e+00
2011  7 12 3.797801e+00 4.360791e+00 5.396820e+00 7.342798e+00
2011  7 20 5.865634e+00 3.640144e+00 4.911448e+00 7.437824e+00
2011  8  4 4.451147e+00 2.585089e+00 3.912802e+00 7.614608e+00
2011  8 20 3.295264e+00 1.816797e+00 2.572767e+00 7.801455e+00
2011  8 28 -2.130859e-01 1.589865e+00 1.946774e+00 7.894316e+00
2011  9 12 1.750320e+00 1.596620e+00 1.370114e+00 8.067602e+00
2011 10  4 3.106310e+00 2.996116e+00 2.736123e+00 8.320264e+00
2011 10 12 3.591880e+00 3.892641e+00 3.779275e+00 8.411830e+00
2011 10 20 3.645922e+00 4.907495e+00 4.944478e+00 8.503282e+00
2011 10 28 7.343150e+00 5.955477e+00 6.114935e+00 8.594650e+00
2011 11  4 6.617632e+00 6.832455e+00 7.072925e+00 8.674551e+00
2011 11 12 8.768797e+00 7.726500e+00 8.046177e+00 8.765836e+00
2011 11 20 8.930253e+00 8.465525e+00 8.875775e+00 8.857112e+00
2011 11 28 9.211824e+00 9.041815e+00 9.570981e+00 8.948399e+00
2011 12 12 1.069756e+01 9.743377e+00 1.051261e+01 9.108229e+00
2011 12 20 9.765630e+00 1.005120e+01 1.090818e+01 9.199631e+00
2011 12 28 1.127498e+01 1.034990e+01 1.120228e+01 9.291098e+00
2012  1  4 1.077955e+01 1.062591e+01 1.138103e+01 9.371097e+00
2012  1 12 1.469704e+01 1.096328e+01 1.151355e+01 9.462455e+00
2012  1 28 9.215318e+00 1.164131e+01 1.170235e+01 9.645410e+00
2012  2  4 1.044985e+01 1.189562e+01 1.182631e+01 9.725553e+00
2012  2 12 1.257462e+01 1.213195e+01 1.203595e+01 9.817214e+00
2012  2 20 1.098629e+01 1.231365e+01 1.232007e+01 9.908943e+00
2012  2 28 1.509209e+01 1.246490e+01 1.265856e+01 1.000073e+01
2012  3  4 1.357095e+01 1.256125e+01 1.288378e+01 1.005812e+01
2012  3 12 1.144909e+01 1.274945e+01 1.324437e+01 1.014998e+01
2012  3 20 1.438083e+01 1.301109e+01 1.358980e+01 1.024186e+01
2012  3 28 1.448901e+01 1.336251e+01 1.391588e+01 1.033376e+01
2012  4  4 1.512757e+01 1.373322e+01 1.418778e+01 1.041416e+01
2012  4 12 1.502752e+01 1.418856e+01 1.448009e+01 1.050602e+01
2012  4 20 1.184364e+01 1.460959e+01 1.473143e+01 1.059784e+01
2012  5  4 1.604402e+01 1.501428e+01 1.492974e+01 1.075835e+01
2012  5 12 1.623053e+01 1.493428e+01 1.480854e+01 1.084993e+01
2012  5 20 1.501107e+01 1.458268e+01 1.447231e+01 1.094139e+01
2012  5 28 1.380562e+01 1.397014e+01 1.392909e+01 1.103269e+01
2012  6 12 1.224711e+01 1.230816e+01 1.253226e+01 1.120339e+01
2012  6 20 1.087934e+01 1.129682e+01 1.171143e+01 1.129413e+01
2012  6 28 1.024362e+01 1.030371e+01 1.090193e+01 1.138462e+01
2012  7  4 1.018010e+01 9.608281e+00 1.031038e+01 1.145232e+01
2012  7 12 1.013576e+01 8.776582e+00 9.533179e+00 1.154233e+01
2012  7 28 9.056304e+00 7.465984e+00 7.961114e+00 1.172143e+01
2012  8  4 7.969491e+00 7.022707e+00 7.284812e+00 1.179936e+01
2012  8 12 4.893385e+00 6.598548e+00 6.587996e+00 1.188809e+01
2012  8 20 5.178139e+00 6.265482e+00 6.057437e+00 1.197645e+01
2012  8 28 4.921991e+00 6.044862e+00 5.781666e+00 1.206442e+01
2012  9  4 6.721327e+00 5.972621e+00 5.798100e+00 1.214106e+01
2012  9 12 6.144685e+00 6.065757e+00 6.125679e+00 1.222827e+01
2012  9 20 7.123202e+00 6.379206e+00 6.746261e+00 1.231506e+01
2012  9 28 6.531113e+00 6.926830e+00 7.577271e+00 1.240142e+01
2012 10  4 1.108971e+01 7.482636e+00 8.274030e+00 1.246590e+01
2012 10 12 8.451604e+00 8.381232e+00 9.214861e+00 1.255150e+01
2012 10 20 9.374438e+00 9.395328e+00 1.008944e+01 1.263666e+01
2012 11  4 1.196328e+01 1.131319e+01 1.140997e+01 1.279516e+01
2012 11 20 1.237765e+01 1.293666e+01 1.247830e+01 1.296257e+01
2012 12  4 1.246211e+01 1.384640e+01 1.342948e+01 1.310769e+01
2012 12 12 1.484385e+01 1.420735e+01 1.404634e+01 1.319007e+01
2012 12 20 1.512794e+01 1.451416e+01 1.469839e+01 1.327208e+01
2012 12 28 1.384934e+01 1.481205e+01 1.533771e+01 1.335373e+01
2013  1  4 1.470960e+01 1.508798e+01 1.584207e+01 1.342498e+01
2013  1 12 1.655122e+01 1.542633e+01 1.631302e+01 1.350623e+01
2013  1 20 2.202074e+01 1.577461e+01 1.664811e+01 1.358718e+01
2013  1 28 1.478098e+01 1.610594e+01 1.685279e+01 1.366786e+01
2013  2  4 1.621162e+01 1.636045e+01 1.694669e+01 1.373825e+01
2013  2 12 1.518121e+01 1.659666e+01 1.698962e+01 1.381848e+01
2013  2 20 1.628636e+01 1.677814e+01 1.699427e+01 1.389851e+01
2013  2 28 1.723759e+01 1.692959e+01 1.698065e+01 1.397838e+01
2013  3  4 1.888906e+01 1.700628e+01 1.697059e+01 1.401826e+01
2013  3 12 1.624231e+01 1.718933e+01 1.695187e+01 1.409794e+01
2013  3 20 1.897140e+01 1.744319e+01 1.695191e+01 1.417753e+01
2013  3 28 1.726509e+01 1.778693e+01 1.700399e+01 1.425707e+01
2013  4  4 1.619316e+01 1.815348e+01 1.712484e+01 1.432665e+01
2013  4 12 1.606933e+01 1.860935e+01 1.737753e+01 1.440618e+01
2013  4 28 1.861673e+01 1.935526e+01 1.819255e+01 1.456540e+01
2013  5 12 1.796464e+01 1.941229e+01 1.879260e+01 1.470509e+01
2013  5 20 2.030844e+01 1.908134e+01 1.880014e+01 1.478514e+01
2013  5 28 1.895625e+01 1.848574e+01 1.843172e+01 1.486539e+01
2013  6  4 1.770863e+01 1.778317e+01 1.778350e+01 1.493581e+01
2013  6 12 1.665005e+01 1.683890e+01 1.673092e+01 1.501654e+01
2013  6 20 1.483477e+01 1.582634e+01 1.548308e+01 1.509757e+01
2013  7  4 1.458653e+01 1.412536e+01 1.336916e+01 1.524018e+01
2013  7 12 1.097284e+01 1.328427e+01 1.245332e+01 1.532219e+01
2013  7 20 1.272720e+01 1.256362e+01 1.182398e+01 1.540461e+01
2013  7 28 8.419586e+00 1.195730e+01 1.144006e+01 1.548746e+01
2013  8  4 1.103004e+01 1.150857e+01 1.122884e+01 1.556033e+01
2013  8 12 1.347802e+01 1.107890e+01 1.103031e+01 1.564406e+01
2013  8 20 1.114231e+01 1.074027e+01 1.080070e+01 1.572829e+01
2013  8 28 1.097081e+01 1.051334e+01 1.052171e+01 1.581304e+01
2013  9  4 1.007325e+01 1.043478e+01 1.027671e+01 1.588764e+01
2013  9 12 9.727293e+00 1.052010e+01 1.008672e+01 1.597341e+01
2013  9 20 8.449338e+00 1.082591e+01 1.010389e+01 1.605976e+01
2013  9 28 1.085257e+01 1.136715e+01 1.041935e+01 1.614668e+01
2013 10  4 1.112635e+01 1.191959e+01 1.087436e+01 1.621226e+01
2013 10 12 1.235476e+01 1.281612e+01 1.174918e+01 1.630023e+01
2013 11  4 1.457383e+01 1.575593e+01 1.504975e+01 1.655654e+01
2013 11 12 1.572446e+01 1.664998e+01 1.606496e+01 1.664689e+01
2013 11 20 1.708415e+01 1.738900e+01 1.686404e+01 1.673787e+01
2013 12  4 1.842628e+01 1.830425e+01 1.772674e+01 1.689855e+01
2013 12 12 1.658522e+01 1.866686e+01 1.799664e+01 1.699127e+01
