2010.00821918 -0.391514652298
2010.03013699 -0.349736715588
2010.05205479 0.843693980496
2010.07397260 0.749095141772
2010.11506849 2.008107216076
2010.15890411 1.902843895031
2010.16986301 2.896585378704
2010.19178082 3.486353937863
2010.21369863 3.902488185146
2010.25479452 3.817144398116
2010.27671233 5.207985266772
2010.29863014 5.315165164453
2010.32054795 5.319470581275
2010.33698630 6.700692630947
2010.35890411 4.598578238903
2010.38082192 6.191725236935
2010.40273973 4.689748454550
2010.42191781 3.861062000623
2010.44383562 3.068657939284
2010.46575342 2.370392900117
2010.50410959 -1.669693151263
2010.52602740 -0.783124554467
2010.54794521 -1.167743661152
2010.56986301 -0.099448991434
2010.61095890 -1.370720722770
2010.63287671 -4.559944000000
2010.65479452 -1.920922605353
2010.67397260 -2.772038256686
2010.69589041 -3.825562278118
2010.71780822 -1.714464019908
2010.73972603 -1.529838253428
2010.75616438 -1.931309834988
2010.80000000 2.728461000000
2010.82191781 1.726629042382
2010.84109589 2.661989626476
2010.86301370 1.565498417572
2010.88493151 3.740816217010
2010.92328767 5.196804317531
2010.94520548 5.327886483505
2010.96712329 6.308577298977
2010.98904110 7.283287563447
2011.00821918 6.994777916251
2011.03013699 5.684938612199
2011.05205479 7.902831041945
2011.07397260 6.741918456827
2011.09315068 7.088286869411
2011.13698630 9.232724018019
2011.15890411 10.504830000000
2011.16986301 8.510323866634
2011.19178082 8.629071746754
2011.21369863 9.848850372542
2011.23561644 4.593990000000
2011.25479452 11.504530000000
2011.27671233 9.788720590703
2011.29863014 11.780536999103
2011.32054795 11.479475130419
2011.33698630 10.197875635931
2011.35890411 11.522136405902
2011.38082192 11.154252493135
2011.42191781 8.884771573229
2011.44383562 8.887755660233
2011.46575342 6.905676074644
2011.48767123 6.508508885997
2011.50410959 5.602977457766
2011.52602740 3.797800634294
2011.54794521 5.865633587804
2011.58904110 4.451147401532
2011.63287671 3.295263666846
2011.65479452 -0.213085900000
2011.69589041 1.750319705489
2011.75616438 3.106309552312
2011.77808219 3.591879610913
2011.80000000 3.645922165211
2011.82191781 7.343150414620
2011.84109589 6.617631742724
2011.86301370 8.768797265177
2011.88493151 8.930252991937
2011.90684932 9.211823537399
2011.94520548 10.697556828667
2011.96712329 9.765629932371
2011.98904110 11.274982687962
2012.00819672 10.779546076629
2012.03005464 14.697040000000
2012.07377049 9.215318000000
2012.09289617 10.449847521704
2012.11475410 12.574619710801
2012.13661202 10.986285679086
2012.15846995 15.092090000000
2012.17213115 13.570950036099
2012.19398907 11.449090000000
2012.21584699 14.380825888664
2012.23770492 14.489014177863
2012.25683060 15.127569547062
2012.27868852 15.027516148810
2012.30054645 11.843640000000
2012.33879781 16.044020731460
2012.36065574 16.230531089127
2012.38251366 15.011067184472
2012.40437158 13.805620138281
2012.44535519 12.247112728613
2012.46721311 10.879342702728
2012.48907104 10.243620076023
2012.50546448 10.180104180144
2012.52732240 10.135759576190
2012.57103825 9.056304267732
2012.59016393 7.969491198059
2012.61202186 4.893384567417
2012.63387978 5.178139019245
2012.65573770 4.921991341551
2012.67486339 6.721327419278
2012.69672131 6.144684828457
2012.71857923 7.123201926148
2012.74043716 6.531113405001
2012.75683060 11.089710000000
2012.77868852 8.451603920470
2012.80054645 9.374438024096
2012.84153005 11.963280012300
2012.88524590 12.377647517212
2012.92349727 12.462112379957
2012.94535519 14.843852020589
2012.96721311 15.127936897934
2012.98907104 13.849342063587
2013.00821918 14.709601155652
2013.03013699 16.551218842628
2013.05205479 22.020740000000
2013.07397260 14.780980000000
2013.09315068 16.211621933336
2013.11506849 15.181210000000
2013.13698630 16.286359941335
2013.15890411 17.237591446300
2013.16986301 18.889060000000
2013.19178082 16.242312341968
2013.21369863 18.971400000000
2013.23561644 17.265090099488
2013.25479452 16.193160052169
2013.27671233 16.069334714185
2013.32054795 18.616733523716
2013.35890411 17.964640260651
2013.38082192 20.308440788930
2013.40273973 18.956251850254
2013.42191781 17.708628891066
2013.44383562 16.650053102753
2013.46575342 14.834773226940
2013.50410959 14.586525338124
2013.52602740 10.972836601868
2013.54794521 12.727204418246
2013.56986301 8.419586000000
2013.58904110 11.030039739683
2013.61095890 13.478020000000
2013.63287671 11.142309839524
2013.65479452 10.970811363708
2013.67397260 10.073246989239
2013.69589041 9.727292995384
2013.71780822 8.449337825153
2013.73972603 10.852565466484
2013.75616438 11.126346618817
2013.77808219 12.354756013308
2013.84109589 14.573828412110
2013.86301370 15.724462925171
2013.88493151 17.084150591045
2013.92328767 18.426283574586
2013.94520548 16.585221090011
