2.008005464480874252e+03 5.052004273419213182e-04
2.008109289617486411e+03 5.268709393524307217e-04
2.008478142076502763e+03 6.112813792811029210e-04
2.008587431693989174e+03 6.329928017117599946e-04
2.008754098360655689e+03 6.477414558689066062e-04
2.009043835616438400e+03 6.558002114834230074e-04
2.009109589041095887e+03 6.601674549831944815e-04
2.009353424657534333e+03 7.113648317310638245e-04
2.009624657534246580e+03 7.511675182412571585e-04
2.009753424657534197e+03 7.622145144465434065e-04
2.009810958904109611e+03 7.497443581724250921e-04
2.009920547945205499e+03 7.597658212501727125e-04
