2008  1  3 5.052004e-04 5.133873e-04 5.051969e-04 5.308658e-04
2008  2 10 5.268709e-04 5.329758e-04 5.268092e-04 5.456391e-04
2008  6 24 6.112814e-04 6.105747e-04 6.112496e-04 5.978149e-04
2008  8  3 6.329928e-04 6.293074e-04 6.336148e-04 6.128260e-04
2008 10  3 6.477415e-04 6.367486e-04 6.467366e-04 6.350200e-04
2009  1 17 6.558002e-04 6.447537e-04 6.543211e-04 6.712949e-04
2009  2 10 6.601675e-04 6.582829e-04 6.650811e-04 6.791386e-04
2009  5 10 7.113648e-04 7.112677e-04 7.106209e-04 7.073196e-04
2009  8 17 7.511675e-04 7.588481e-04 7.529010e-04 7.379534e-04
2009 10  3 7.622145e-04 7.620126e-04 7.610573e-04 7.526522e-04
2009 10 24 7.497444e-04 7.593068e-04 7.601646e-04 7.593295e-04
2009 12  3 7.597658e-04 7.568459e-04 7.596723e-04 7.721862e-04
